Neighbors [2599, 1055, 485, 1313, 3481, 3154]
6
2.6666666666666665
Neighbors [4556, 700, 5511, 1541, 2800, 2430]
6
3.3333333333333335
Neighbors [2510, 4556, 700, 5511, 1541, 2800, 2430]
7
8.285714285714286
2-Neighbors [2777, 6038, 2051, 7215, 10024, 917, 1138]
7
3.142857142857143
This are hopefully fine
Random [31924, 19466, 20527, 5336, 73, 23858]
7
1.4285714285714286
Random [35200, 29825, 15019, 1107]
4
1.0
Random [14374, 5190, 33743, 24523]
7
18/7
Random [22423, 24268, 24098, 29410]
4
6/4
Random [15589, 4420, 33634, 7974]
4
6/4
Random [3870, 24903, 2024, 8073]
5
8/5
