//
Random[5023, 5962, 98, 2237, 4998, 2693, 903, 5635]
true
8
6.0
Random[4165, 1746, 5099, 1037, 3450, 5495, 437, 4424]
true
8
5.0
Random[4829, 2113, 5255, 3104, 333, 2665, 4412, 2807]
true
8
3.25
Random[493, 444, 278, 2646, 4909, 5893, 47, 1512]
true
8
2.5
Random[2565, 664, 5345, 5763, 4747, 5632, 4518, 4027]
8
1.5
Random[4858, 5332, 2238, 5947, 4028, 2873, 4737, 5338]
8
4.25
Random[2488, 3825, 2463, 6132, 3984, 933, 5832, 1423]
8
4.0
Random[5197, 1779, 940, 3759, 3208, 2363, 3173, 4428]
8
4.375
Random[5486, 1646, 4357, 3883, 1276, 3501, 3547, 3468]
8
6.125
Random[1668, 1374, 6259, 1574, 296, 4412, 6264, 2979]
8
5.0
Random[4554, 5792, 5171, 5336, 3263, 6264, 2470, 3807]
8
3.25
Random[6021, 2216, 5982, 2299, 1329, 3817, 5396, 568]
8
4.625
Random[4385, 2049, 5247, 4301, 461, 5101, 3840, 194]
8
2.25
Random[1853, 5037, 4631, 3609, 4313, 5791, 3548, 2396]
8
3.625
Random[3990, 50, 87, 506, 3664, 2752, 915, 1499]
8
1.75
Random[774, 611, 3541, 801, 6271, 4789, 3120, 2600]
8
4.375
Random[6285, 1489, 5832, 1935, 3818, 1512, 6174, 1334]
8
5.25
Neighbors [883, 4591, 3207, 219, 3209, 1935, 554, 3995, 318]
9
2.4444444444444446
Neighbors [102, 4303, 6012, 1173, 2248, 634, 5528, 2941, 75]
9
8.555555555555555
Neighbors [1255, 1254, 1251, 262, 416, 1057, 1258, 1257, 1256]
9
6.333333333333333
Neighbors [2322, 2321, 2327, 2326, 2325, 2324, 572, 1212, 980]
true
9
5.444444444444445
//
All the previous are bad. 
Random [5145, 4318, 766, 3391, 5300, 1992, 1079, 2122]
true
17
1.8823529411764706
Random [2989, 1320, 2017, 1596, 2474, 4437, 1039, 5614]
true
21
1.9523809523809523
Random [2404, 5244, 2440, 1693, 1513, 1841, 5870, 3275]
true
10
1.0
Random [220, 3458, 1491, 4641, 387, 4224, 1571, 6025]
true
13
1.4615384615384615
Random [3421, 518, 2081, 2035, 4980, 1577, 4791, 4341]
true
9
0.8888888888888888
neighbors [883, 4591, 3207, 219, 1935, 554, 3995, 318]
true
10
2.0
neighbors [102, 4303, 6012, 2248, 1173, 634, 5528, 2941]
true
26
2.6923076923076925
neighbors [1255, 1254, 262, 1251, 416, 1057, 1258, 1257]
true
20
2.6
neighbors [1255, 1254, 262, 1251, 416, 1057, 1258, 1257]
true
20
2.6
neighbors [2322, 2321, 2327, 2325, 2324, 572, 980, 1212]
true
20
2.25
random [2795, 113, 1205, 468, 5851, 2240, 5666, 3409]
true
15
1.9333333333333333
random [1320, 4129, 664, 4148, 430, 5359, 4472, 5680]
true
19
1.9473684210526316
random [2750, 1613, 1387, 3741, 3878, 73, 3577, 4157]
true
18
2.111111111111111
2-neighbors [3808, 1504, 4582, 901, 1983, 1240, 4415, 1996]
true
18
2.1666666666666665
2-neighbors [2036, 717, 412, 5941, 124, 977, 1332, 1706]
true
20
2.45
random [1627, 4356, 2141, 3564, 3226, 3412, 2288, 6040]
true
21
2.0952380952380953
random [3197, 1371, 2953, 2538, 3532, 1689, 4093, 3169]
true
11
1.2727272727272727
random [4689, 943, 5329, 1902, 5830, 5492, 1178, 3954]
true
17
1.8823529411764706
random [2628, 4224, 1616, 3142, 2225, 3295, 452, 4415]
true
19
2.1578947368421053
random [5501, 655, 6103, 649, 23, 3967, 2900, 3401]
true
17
2.0588235294117645
random [2049, 2034, 3734, 3101, 191, 4752, 4159, 5292]
true
21
2.380952380952381
random [1187, 4630, 2956, 907, 1075, 298, 1694, 209]
true
19
2.1052631578947367
random [393, 5944, 4981, 5344, 277, 5639, 401, 6073]
true
14
1.7142857142857142
Random [1325, 5121, 4834, 1859, 6276, 3320, 1568, 90]
17
2.0588235294117645
Random [3165, 880, 4421, 3849, 5465, 1726, 1092, 5614]
17
1.7647058823529411
Random [2880, 4659, 311, 994, 2687, 3995, 1243, 896]
16
1.8125
Random [4930, 548, 1184, 3118, 5795, 6227, 2769, 4078]
17
1.9411764705882353
Random [4976, 5949, 2814, 5601, 891, 2998, 2841, 2944]
9
0.8888888888888888
Random [4067, 3946, 1917, 2279, 5820, 2941, 2584, 711]
18
2.2222222222222223
Random [4764, 562, 1780, 6152, 5221, 466, 4973, 5143]
21
2.1904761904761907
Random [974, 2087, 3998, 812, 3638, 6029, 2378, 1653]
16
1.9375
Random [3918, 5899, 4830, 2345, 1246, 2977, 5972, 4060]
15
1.8666666666666667
Random [1913, 5501, 1973, 101, 5691, 2277, 4295, 640]
19
2.210526315789474
Random [2065, 5552, 3868, 828, 5222, 1319, 4424, 4157]
19
2.1578947368421053
Random [5267, 3180, 2762, 5585, 651, 4416, 6254, 3273]
18
2.1666666666666665
Random [2116, 549, 3054, 416, 2862, 1738, 3501, 4260]
17
2.176470588235294
Random [3793, 686, 5005, 5829, 2147, 4417, 133, 6140]
16
2.0
Random [5416, 1898, 2833, 4587, 2293, 91, 1895, 5061]
20
2.25
Random [6224, 818, 1165, 3546, 5768, 4473, 2943, 3261]
13
1.3076923076923077
Random [3881, 1532, 2397, 1192, 4322, 620, 61, 1637]
20
2.2
Random [5145, 2928, 1731, 3507, 4451, 1994, 1892, 1363]
15
1.8
Random [4490, 3144, 5811, 1296, 4076, 5907, 6278, 1077]
20
2.3
Random [357, 1702, 53, 5164, 4226, 2964, 632, 2061]
9
0.8888888888888888
Random [5739, 969, 2678, 337, 1735, 3313, 2041, 1163]
18
2.0
Random [2082, 5694, 3234, 1663, 2767, 2056, 5927, 5258]
13
1.7692307692307692
Random [2016, 3050, 2987, 4467, 1844, 4876, 5943, 1437]
18
1.9444444444444444
Random [3717, 5039, 263, 2207, 1523, 2981, 3860, 5011]
13
1.4615384615384615
Random [2792, 2463, 337, 3714, 633, 5802, 4942, 3468]
20
2.1
Random [1135, 564, 4358, 3864, 4090, 2329, 1110, 5751]
16
2.0
Random [2717, 1254, 5097, 306, 1505, 802, 2767, 1860]
16
2.0625
Random [3034, 1855, 5496, 5830, 3714, 310, 2533, 5221]
22
2.1818181818181817
Random [357, 1687, 4983, 2951, 619, 4968, 1856, 5581]
17
1.8235294117647058
Random [5783, 5677, 2519, 2395, 5011, 2857, 999, 1344]
20
2.15
Random [668, 729, 1053, 5619, 59, 4938, 3466, 5834, 646, 3486]
19
1.8421052631578947
Random [1509, 713, 5675, 4085, 802, 1828, 3911, 4337, 5457, 5905]
21
1.9047619047619047
Random [2973, 732, 3642, 812, 5392, 41, 226, 4752, 3306, 105]
22
2.1818181818181817
Random [205, 5963, 2525, 5997, 4981, 174, 1235, 661, 2945, 3942]
18
1.7222222222222223
Random [5269, 5862, 369, 3281, 1952, 5998, 2745, 1951, 3485, 4784]
23
2.0869565217391304
Random [2675, 1254, 1670, 4676, 3695, 3985, 3639, 350, 3061, 226]
26
2.4615384615384617
Random [5421, 4312, 4880, 3761, 5270, 3637, 3487, 2291, 2875, 4306]
21
2.0952380952380953
Random [1494, 2034, 100, 4721, 5251, 4449, 2523, 1282, 297, 5881]
21
1.9523809523809523
Random [239, 4723, 1033, 1336, 805, 4176, 1965, 6061, 3170, 4972]
20
1.85
Neighbors of 1602 [352, 143, 246, 1245, 264, 1602, 123, 121]
14
3.7857142857142856
2 - Neighbors of 1602 [2098, 252, 2018, 2057, 1451, 1602, 121, 422]
14
2.2142857142857144
Neighbors of 1278 [5199, 2035, 412, 1299, 1278, 1947, 2228, 3841]
16
2.6875
2 - Neighbors of 1278 [2253, 5484, 3419, 3554, 4254, 1278, 1934, 3841]
15
2.0
Random [6069, 3556, 6037, 5065, 2836, 949, 128, 4057]
18
1.9444444444444444
Random [2368, 3610, 4028, 267, 1933, 132, 4044, 4140]
13
1.7692307692307692
Random [5506, 3070, 2787, 196, 2262, 5393, 4787, 4076]
true
16
2.3125
Random [239, 805, 1336, 4723, 1033, 4176, 1965, 6061]
true
16
1.8125
Random [5199, 2035, 412, 1299, 1278, 1947, 2228, 3841]
true
15
2.6666666666666665
Random [3327, 5788, 469, 1588, 5274, 1421]
true
16
2.625
Random [4355, 816, 2830, 4393, 5127, 4837]
true
9
1.3333333333333333
Random [5435, 1545, 2004, 26, 5127, 4026]
true
7
0.8571428571428571
Random [3896, 1937, 2682, 5047, 6172, 1996]
true
11
1.4545454545454546
Random [1336, 6299, 1953, 3418, 2609, 1863]
7
0.8571428571428571
Random [2253, 3628, 2543, 3166, 614, 2593, 2756, 2586]
12
1.75
Random [254, 1184, 2146, 2935, 2131, 5712, 3952, 2680]
16
1.75
Random [6038, 3761, 1466, 5909, 2365, 1139, 3578, 195]
17
2.176470588235294
Random [2540, 4402, 3490, 2642, 1767, 5756, 5047, 5398]
11
1.5454545454545454
Random [2883, 4161, 5616, 1630, 573, 4171, 3739, 5491]
14
1.8571428571428572
Unique Random [3935, 2188, 1326, 1631, 5985, 5257, 5546, 4942]
11
1.2727272727272727
Unique Random [4613, 6113, 3233, 1233, 5271, 1161, 1600, 3279]
19
2.263157894736842
Unique Random [3766, 6178, 5335, 3204, 5051, 3725, 5654, 3584]
10
1.1
Unique Random [1779, 3023, 3204, 5460, 2862, 891, 1014, 811]
17
2.0
Unique Random [4799, 5781, 6038, 4720, 735, 4758, 1439, 3518]
17
2.0588235294117645
Unique Random [3945, 3300, 4449, 202, 1161, 110, 182, 2376]
22
2.5
Unique Random [4385, 443, 6287, 219, 3157, 2843, 5937, 437]
12
1.3333333333333333
Unique Random [4961, 3453, 4591, 5252, 586, 3226, 4341, 1260]
11
1.2727272727272727
Unique Random [427, 806, 4268, 3360, 3159, 5024, 1030, 3409]
15
1.9333333333333333
Unique Random [2067, 339, 3022, 113, 2938, 994, 1537, 4785]
18
2.2222222222222223
Unique Random [5605, 6131, 3764, 368, 4793, 2330, 5357, 656]
13
1.6153846153846154
Unique Random [1866, 403, 2709, 542, 436, 5904, 3544, 2720]
16
2.1875
Unique Random [1083, 3690, 3297, 4982, 2766, 5136, 4227, 1842]
15
1.8
Unique Random [2458, 729, 1322, 884, 1190, 4417, 3835, 2681]
13
1.6923076923076923
Unique Random [291, 2036, 2087, 4896, 2633, 176, 1392, 6190]
14
1.7857142857142858
Unique Random [4130, 5813, 5422, 1195, 4905, 346, 4889, 4044]
10
1.1
Unique Random [4371, 3658, 4897, 3796, 3866, 4223, 2290, 6042]
17
2.0588235294117645
Unique Random [1271, 5250, 5032, 6209, 1575, 3185, 1061, 1910]
10
1.2
Unique Random [3779, 3508, 3799, 4968, 4293, 2770, 6249, 1243]
16
2.0
Unique Random [4521, 257, 3711, 4621, 995, 1089, 810, 5431]
10
1.4
Unique Random [1565, 3149, 19, 511, 5032, 4599, 1931, 3890]
14
1.7857142857142858
Unique Random [1659, 326, 70, 3286, 1068, 2040, 58, 845]
18
2.388888888888889
Unique Random [2016, 2283, 6117, 3828, 5438, 3649, 1556, 264]
13
1.6153846153846154
Unique Random [762, 5470, 849, 1974, 882, 2917, 1211, 226]
15
2.2666666666666666
Unique Random [666, 3624, 4450, 4513, 1062, 1347, 4011, 5972]
11
1.2727272727272727
Unique Random [495, 4099, 624, 155, 2207, 5013, 5835, 480]
16
2.0625
Unique Random [1251, 5542, 5151, 2360, 1439, 2455, 5567, 3925]
18
2.3333333333333335
Unique Random [5196, 4677, 4967, 1967, 3481, 2650, 3905, 2139]
13
1.6153846153846154
Unique Random [790, 1019, 3704, 2697, 3553, 4913, 6110, 5310]
16
1.875
Unique Random [5023, 3776, 3130, 5616, 4448, 5448, 4362, 3427]
13
1.5384615384615385
Unique Random [2082, 1410, 3718, 4494, 5002, 2087, 4727, 783]
10
1.1
Unique Random [5433, 2405, 4798, 4884, 990, 6285, 1841, 1513]
15
1.7333333333333334
Unique Random [3630, 4916, 2472, 4117, 2087, 1504, 4814, 2158]
17
2.1176470588235294
Unique Random [3034, 6229, 2972, 5709, 77, 383, 1453, 4853]
17
1.8823529411764706
Unique Random [4887, 4489, 4508, 456, 3571, 2158, 182, 1120]
17
2.2941176470588234
Unique Random [3203, 71, 1004, 3537, 436, 5703, 2859, 606]
18
2.2777777777777777
Unique Random [3448, 39, 5272, 662, 3308, 1045, 3686, 1538]
17
1.8823529411764706
Unique Random [4370, 2913, 4980, 2036, 1507, 498, 5801, 5293]
9
0.8888888888888888
Unique Random [2643, 5646, 4554, 5742, 2833, 3907, 5519, 1454]
12
1.5
Unique Random [4590, 2990, 5209, 1489, 4657, 5850, 617, 6264]
15
1.4666666666666666
Unique Random [4902, 5130, 352, 2767, 4774, 199, 1256, 75]
16
2.25
Unique Random [5501, 1035, 1520, 5810, 1992, 2965, 5461, 646]
16
1.8125
Unique Random [3453, 3233, 958, 2354, 6048, 5498, 1160, 4424]
20
2.5
Unique Random [327, 3432, 2124, 6272, 1824, 121, 3079, 4110]
10
1.1
Unique Random [2899, 2166, 768, 3625, 2382, 127, 2689, 569]
10
1.1
Unique Random [4020, 775, 1940, 4054, 2414, 6239, 1296, 361]
11
1.0
Unique Random [2658, 4316, 5935, 340, 3918, 1828, 1633, 6267]
14
1.6428571428571428
Unique Random [2286, 3178, 3343, 4286, 4184, 1960, 301, 5839]
14
1.5
Unique Random [6160, 1478, 1527, 2354, 5960, 5268, 5379, 895]
14
1.5
Unique Random [2716, 5267, 4492, 248, 4467, 144, 2295, 363]
19
2.6315789473684212
Unique Random [5764, 4588, 3384, 3933, 4376, 632, 3170, 1499]
11
1.3636363636363635
Unique Random [4180, 2478, 2860, 888, 3093, 3364, 3170, 62]
17
2.0588235294117645
Unique Random [6162, 3352, 4899, 6150, 2635, 758, 5906, 3322]
11
1.3636363636363635
Unique Random [1067, 4813, 719, 3056, 3123, 893, 3874, 5703]
19
2.0
Unique Random [2391, 2064, 127, 5669, 160, 5459, 4785, 2601]
15
1.8666666666666667
Unique Random [3318, 3855, 100, 3913, 5439, 2073, 4519, 5440]
14
1.6428571428571428
Neighbors [883, 4591, 3207, 219, 1935, 554, 3995, 318]
10
2.0
Neighbors [102, 4303, 6012, 1173, 2248, 634, 5528, 2941]
24
2.75
Neighbors [1255, 1254, 1251, 262, 416, 1057, 1258, 1257]
20
2.6
Neighbors [2322, 2321, 2327, 2325, 2324, 572, 1212, 980]
18
2.2222222222222223
Neighbors [3808, 1504, 901, 4582, 1983, 1240, 1996, 4415]
18
2.1666666666666665
Neighbors [717, 2036, 412, 5941, 977, 124, 1706, 1332]
18
2.3333333333333335
Neighbors 1602 [352, 143, 246, 1245, 264, 1602, 123, 121]
15
3.7333333333333334
2-Neighbors 1602 [2098, 252, 2018, 2057, 1602, 1451, 121, 422]
14
2.5
2-Neighbors 1602 [5199, 2035, 412, 1278, 1299, 1947, 2228, 3841]
15
2.6666666666666665
2-Neighbors 1278 [2253, 5484, 1938, 3419, 4254, 3554, 1278, 3841]
15
1.9333333333333333
