random [5752, 8451, 4776, 9166, 2246, 3606, 7900, 3215]
19
2.0
random [9259, 2119, 6333, 1219, 9262, 3259, 7306, 8126]
19
2.0526315789473686
random [3886, 1458, 549, 5913, 4043, 7136, 434, 9297]
14
1.7142857142857142
random [6099, 7994, 7776, 4758, 5260, 47, 1860, 6954]
9
0.8888888888888888
random [8130, 4844, 10431, 1517, 932, 8526, 3441, 7597]
20
2.05
neighbors of 3109 [2340, 5000, 5447, 754, 1568, 3109]
15
2.3333333333333335
neighbors of 3109 [2340, 5000, 5447, 754, 3225, 2011, 1568, 3109]
22
2.727272727272727
neighbors of 3109 [865, 1670, 1923, 5447, 3697, 5429, 105, 3109]
20
2.5
Random[2580, 4359, 2663, 1234, 9751, 2430, 1570, 6533]
21
2.0952380952380953
Random[7087, 4555, 4924, 1329, 1572, 2800, 10799, 2395]
17
1.8235294117647058
Random[1017, 6859, 7102, 7275, 1233, 6302, 7610, 1983]
18
1.8888888888888888
Random[1598, 3052, 7442, 6061, 8234, 8359, 9948, 2893]
16
1.75
Random[9131, 6013, 8737, 4611, 78, 1199, 3137, 5026]
23
2.0
Random[3385, 6365, 2302, 475, 7316, 3241, 5323, 10423]
18
1.7777777777777777
Random[6501, 8740, 1657, 4269, 232, 9781, 10944, 10511]
13
1.3076923076923077
Random[2564, 1494, 10133, 1716, 5019, 1352, 520, 10602]
20
1.8
Random[7398, 2852, 4604, 1322, 6674, 3071, 3687, 964]
17
1.7647058823529411
Random[10134, 1341, 3780, 974, 1781, 10990, 6410, 449]
12
1.25
Random[4605, 7144, 8467, 10058, 1096, 6122, 10618, 2925]
14
1.3571428571428572
Random[9210, 10150, 9344, 10803, 6763, 4790, 7746, 5943]
18
2.0555555555555554
Random[16, 6933, 6183, 974, 4178, 8392, 3499, 3686]
11
1.2727272727272727
Random[10241, 8425, 1128, 10380, 2766, 8139, 2276, 9730]
12
1.25
Random[9851, 6434, 2611, 1735, 3761, 8052, 6565, 9987]
21
2.238095238095238
Random[3656, 5036, 7297, 5873, 5572, 8044, 8455, 5413]
17
1.7058823529411764
Random[1806, 291, 8466, 2577, 7408, 4654, 2946, 5263]
16
1.8125
2-Neighbors[3931, 562, 1801, 6685, 1450, 1165, 31, 3109]
23
2.4782608695652173
2-Neighbors[296, 4325, 2826, 1164, 6325, 5202, 3528, 3109]
18
2.2777777777777777
Random[2526, 7114, 3129, 2477, 1654, 1723, 10388, 8628]
17
1.7058823529411764
Random[1526, 7466, 9441, 8774, 191, 4037, 4682, 689]
17
1.7058823529411764
Random[9040, 1132, 3493, 8914, 9385, 7509, 2637, 10100]
12
1.25
Random[8070, 427, 6536, 9342, 190, 4285, 3482, 8525]
20
2.25
Random[6012, 7689, 391, 1181, 1947, 6532, 1167, 8831]
17
1.8235294117647058
Random[4870, 625, 6829, 6571, 9212, 1835, 6956, 6670]
16
1.5
Random[8070, 880, 7298, 6723, 2792, 8633, 8592, 5010]
18
1.8888888888888888
Random[4490, 6195, 1762, 9163, 4405, 2408, 9731, 1772]
17
1.7058823529411764
Random[6262, 7983, 279, 1693, 6789, 6520, 1653, 2691]
12
1.25
Random[9803, 10043, 3881, 1369, 4451, 5986, 6818, 5111]
22
2.272727272727273
Random[463, 2049, 4870, 6116, 3194, 10280, 5512, 7341]
14
1.9285714285714286
Star centered at 3427 [5720, 4468, 4629, 296, 1276, 2875, 1395, 3427]
11
1.8181818181818181
2-neighbors of 3427 [1625, 4, 6, 515, 497, 5719, 3184, 3427]
17
2.5294117647058822
Random [8724, 6243, 6333, 1547, 3682, 8390, 9795, 6818]
15
1.7333333333333334
Random [5471, 6010, 9062, 2576, 10489, 6668, 2620, 9375]
15
1.7333333333333334
Random [1016, 1822, 9040, 2103, 3379, 8580, 10705, 5309]
21
2.380952380952381
Random [70, 4883, 3297, 36, 10606, 10966, 10054, 3028]
17
1.8235294117647058
Random [7277, 5375, 858, 3058, 4582, 6154, 6817, 8280]
17
1.8235294117647058
Random [7297, 3112, 6845, 3735, 7914, 7459, 5529, 384]
13
1.5384615384615385
Random [2703, 9379, 534, 1520, 7392, 3210, 3721, 7419]
15
1.6
Random [152, 1745, 8954, 2821, 1217, 3476, 782, 5104]
15
1.6
Random [9755, 1248, 1262, 4759, 8793, 8250, 7832, 5110]
16
1.9375
Random [956, 8365, 6876, 5016, 8959, 3308, 8417, 421]
21
1.9047619047619047
Random [7209, 3970, 2402, 3193, 9696, 9282, 5157, 284]
19
2.1052631578947367
Random [9294, 6602, 1953, 7242, 10922, 1591, 742, 1826]
15
1.6666666666666667
Random [4181, 6993, 10823, 9993, 767, 10792, 7919, 1436]
10
1.0
Random [1942, 4628, 10167, 652, 8942, 5599, 10932, 8612]
16
1.6875
Neighbors of 7206 [975, 263, 5301, 7338, 8559, 2710, 1347, 7206]
23
2.8260869565217392
2-Neighbors of 7206 [5066, 2389, 2422, 1717, 4340, 1588, 7206, 2122]
18
2.2222222222222223
2-Neighbors of 7206 [4673, 1232, 113, 7472, 3350, 1469, 7206, 2122]
18
2.1666666666666665
Neighbors of 3692 [5500, 2640, 1409, 1190, 3692, 2533, 1533, 5927]
13
1.9230769230769231
2-Neighbors of 3692 [986, 169, 4902, 6453, 3692, 5745, 2889, 7504]
13
1.6153846153846154
2-Neighbors of 3692 [986, 169, 3692]
5
1.0
Random of 3692 [9622, 667, 7, 8946, 281, 4803]
11
1.4545454545454546
2-Neighbors of 3692 [140, 6588, 8136, 6155, 1346, 4594]
7
0.8571428571428571
2-Neighbors of 3692 [4931, 10149, 6991, 5093, 8191, 8762]
10
1.5
2-Neighbors of 3692 [2234, 10589, 4910]
6
1.5
Random [2234, 10589, 4910]
true
6
1.5
Random [2234, 10589, 4910]
true
6
Infinity
Random [2768, 2177, 9221]
4
0.75
Random [1444, 4683, 4221]
5
1.6
Undirected Random [3066, 4965, 6152]
4
0.5
Random [8634, 220, 7623, 5623, 1954, 5954]
10
1.3

Random [4711, 1475, 2343, 9961, 7184, 9157, 1824, 6041]

18
1.8888888888888888
Random [4401, 5540, 664, 1172, 4448, 67, 10960, 5702]

20
2.15
Random [7601, 10716, 4980, 2520, 6908, 4742, 1891, 3155]

18
1.8888888888888888
Unique Random [1716, 822, 8118, 3178, 4509, 9487, 10710, 8433]
15
1.6
Unique Random [3369, 3556, 6034, 2494, 5324, 9332, 7474, 3278]
19
2.0
Unique Random [395, 712, 10567, 4761, 9441, 8420, 7675, 1585]
15
1.6
Unique Random [1403, 3898, 10813, 705, 5493, 7459, 9201, 2013]
10
1.0
Unique Random [10756, 529, 10654, 9516, 4587, 5654, 1139, 8156]
16
1.5625
Unique Random [1520, 4967, 9916, 4671, 10678, 7698, 9372, 4231]
11
1.2727272727272727
Unique Random [610, 10498, 4962, 5586, 3848, 1645, 10174, 6835]
15
1.8
Unique Random [7998, 7757, 4585, 4967, 6688, 8555, 2515, 8265]
16
1.75
Unique Random [7243, 1486, 5696, 8540, 6028, 1769, 4202, 10391]
20
2.05
Unique Random [2457, 2339, 1916, 3783, 1188, 6170, 1758, 1196]
14
1.6428571428571428
Unique Random [3268, 2269, 2717, 6469, 800, 7392, 6347, 2754]
11
1.0909090909090908
Unique Random [6815, 2748, 8623, 1968, 5603, 4853, 621, 1091]
10
1.1
Unique Random [9116, 7225, 5640, 8149, 5671, 1516, 6031, 6295]
14
1.7142857142857142
Unique Random [4615, 7772, 1087, 6182, 412, 5063, 3469, 8140]
13
1.8461538461538463
Unique Random [925, 8244, 10890, 8806, 4526, 7203, 7047, 5311]
14
1.9285714285714286
Unique Random [7517, 7791, 8150, 6648, 8349, 9007, 5309, 9949]
16
1.6875
Unique Random [7241, 7497, 9988, 3921, 4341, 1619, 1638, 3261]
14
1.7142857142857142
Unique Random [3596, 8791, 2297, 10685, 3157, 8270, 6495, 2499]
10
1.0
Unique Random [4129, 4403, 3569, 2412, 5075, 10629, 1826, 10372]
20
2.2
Unique Random [9719, 9851, 2080, 9790, 5302, 10244, 3188, 7419]
16
1.6875
Unique Random [9971, 5847, 904, 9591, 4480, 4565, 7520, 10915]
10
1.0
Unique Random [9243, 3885, 6115, 156, 9397, 1516, 3413, 4106]
11
1.3636363636363635
Unique Random [2370, 2446, 9771, 9168, 644, 10404, 3503, 4398]
21
2.0952380952380953
Unique Random [2065, 5856, 7607, 939, 4382, 2688, 3502, 7902]
16
1.875
Unique Random [8687, 6891, 5857, 9307, 7634, 718, 5518, 6352]
12
1.3333333333333333
Unique Random [6890, 6768, 3730, 3210, 8371, 3788, 3769, 5816]
16
1.875
Unique Random [10242, 6080, 3016, 9485, 9459, 6476, 10860, 1791]
14
1.5714285714285714
Unique Random [9800, 8059, 6960, 6404, 6289, 6233, 74, 2062]
13
1.6923076923076923
Unique Random [3986, 9028, 4694, 5499, 9840, 1775, 3738, 1910]
16
1.8125
Unique Random [4843, 4489, 3067, 6575, 5512, 1073, 1062, 6783]
17
1.8235294117647058
Unique Random [9567, 683, 7722, 10141, 3773, 2754, 10831, 6473]
16
1.8125
Unique Random [3870, 8069, 5149, 6420, 2729, 8915, 3331, 8158]
14
1.6428571428571428
Unique Random [4266, 8130, 10025, 6530, 9826, 7869, 9884, 8460]
13
1.6153846153846154
Unique Random [3144, 5795, 3311, 5653, 8912, 5851, 3045, 6580]
14
1.5
Unique Random [1252, 5483, 5558, 7406, 4205, 176, 10928, 4562]
15
1.7333333333333334
Unique Random [1611, 10488, 9028, 3145, 2192, 5343, 4873, 378]
11
1.3636363636363635
Unique Random [7519, 6162, 6366, 7067, 9771, 8869, 346, 8729]
20
1.95
Unique Random [4097, 3656, 3522, 6033, 10484, 902, 8968, 7916]
16
1.875
Unique Random [69, 7100, 8025, 4751, 3326, 10391, 3791, 3587]
16
1.75
Unique Random [10926, 4541, 8859, 9009, 9506, 4430, 4753, 6832]
15
1.5333333333333334
Unique Random [10701, 3183, 8703, 9818, 10426, 6840, 10485, 8022]
15
1.4666666666666666
Unique Random [7024, 2958, 6080, 6862, 1692, 1465, 9139, 9844]
18
2.0555555555555554
Unique Random [119, 6284, 7705, 3373, 1189, 7121, 10645, 10896]
18
1.8888888888888888
Unique Random [4248, 10515, 10908, 5136, 10187, 9510, 1317, 10360]
14
1.4285714285714286
Unique Random [9506, 7566, 983, 657, 4202, 497, 10467, 8298]
11
1.3636363636363635
Unique Random [5165, 96, 3537, 3936, 6107, 2192, 10233, 5681]
18
2.1666666666666665
Unique Random [10493, 4067, 5080, 417, 2949, 10628, 4157, 3029]
18
1.9444444444444444
Unique 3109 Neighbors [2340, 5000, 754, 5447, 2011, 3225, 1568, 3109]
21
2.4761904761904763
Unique 3109 2-Neighbors [3931, 562, 1801, 6685, 1450, 1165, 31, 3109]
20
2.4
Unique 3109 2-Neighbors [296, 4325, 2826, 1164, 5202, 6325, 3528, 3109]
16
2.0625
Unique 3427 Star [5720, 4468, 4629, 296, 1276, 2875, 1395, 3427]
11
1.8181818181818181
Unique 3427 2-Star [1625, 4, 6, 515, 497, 5719, 3184, 3427]
17
2.4705882352941178
Unique 7206 [975, 263, 5301, 7338, 8559, 2710, 1347, 7206]
22
2.9545454545454546
Unique 2-Neighbors 7206 [5066, 2389, 1717, 2422, 4340, 588, 7206, 2122]
17
2.176470588235294
Unique 2-Neighbors 7206 [4673, 1232, 113, 7472, 1469, 3350, 7206, 2122]
17
2.1176470588235294
Unique Neighbors 3692 [5500, 2640, 1409, 1190, 3692, 2533, 1533, 5927]
14
1.9285714285714286
Unique Neighbors 3692 [986, 169, 4902, 6453, 3692, 2889, 5745, 7504]
13
1.6153846153846154
