Random [3066, 6723, 7097, 2417, 3160, 5601, 2023, 3290]
16
1.8125
Random [4164, 3007, 1459, 8519, 7756, 2670, 135, 1568]
15
1.8666666666666667
Random [4767, 8209, 6468, 8288, 7439, 6459, 1212, 3468]
15
1.8
Random [8279, 2202, 1304, 1474, 3662, 2505, 4263, 860]
16
2.0
Random [1511, 2970, 1735, 4275, 6238, 7823, 2225, 7358]
23
2.347826086956522
Random [729, 958, 6519, 8182, 3043, 2724, 4242, 4457]
14
1.7142857142857142
Random [5006, 1251, 2053, 4237, 5757, 3211, 7390, 6266]
14
2.0
Random [1610, 3083, 3728, 859, 4121, 5838, 7234, 5414]
17
2.1176470588235294
Random [8619, 4628, 5004, 2000, 7648, 262, 5292, 6626]
17
1.7647058823529411
Random [696, 6980, 1297, 7105, 8608, 2878, 6785, 164]
13
1.3846153846153846
Random [821, 595, 866, 8390, 1859, 7869, 4921, 8054]
13
1.5384615384615385
Random [5403, 1952, 854, 6957, 1228, 5494, 8188, 5533]
16
1.9375
Star around 2266 [4067, 1821, 959, 115, 1803, 2266, 5015, 2275, 4753]
17
2.588235294117647
Star around 2266 [4067, 959, 4781, 2266, 5014, 5013, 825, 2275, 4753]
16
2.4375
Neighbors 2266 [3988, 4067, 2087, 2266, 4409, 5013, 825, 4753, 4157]
22
2.6818181818181817
2-Neighbors 2266 [1823, 1150, 5229, 1051, 3342, 2460, 2266, 1312, 6239]
25
2.72
2-Neighbors 2266 [5316, 2459, 2628, 2266, 2661, 1041, 2383, 1541, 4174]
23
2.739130434782609
3-Neighbors 2266 [4505, 2001, 654, 1868, 2266, 4222, 3619, 4717, 2109]
27
2.5185185185185186
3-Neighbors 2266 [1853, 206, 867, 4237, 2266, 1368, 2293, 2137]
20
2.3
Random [2488, 4934, 7335, 7393, 2866, 6187, 7913, 122]
16
2.25
Neighbors of 5672 [5660, 357, 5620, 2206, 4299, 5672, 6703, 6975, 825]
25
2.84
Neighbors of 5672 [6979, 3793, 6977, 6540, 5672, 6972, 432, 5339]
19
2.3684210526315788
2 Neighbors of 5672 [5672, 7219, 1784, 3666, 1316, 6785, 521, 5957, 14]
28
2.5714285714285716
2 Neighbors of 5672 [1914, 1670, 580, 1414, 4865, 5672, 5444, 391, 3668]
29
2.5517241379310347
2 Neighbors of 5672 [1479, 1550, 1593, 5672, 3665, 6062, 1165, 2652, 3092]
25
2.36
Random [7951, 3793, 5297, 8062, 7576, 7900, 7088, 5202]
9
0.8888888888888888
Random [5230, 614, 8513, 7436, 7617, 6577, 7155, 5908]
19
2.0526315789473686
Random [835, 5663, 101, 1008, 3466, 1739, 5153, 391]
15
2.1333333333333333
Random [259, 2355, 4525, 7133, 6441, 3652, 2365, 5010]
13
1.6923076923076923
Random [2868, 207, 1425, 3299, 5559, 7572, 7152, 106]
18
2.111111111111111
Random [5660, 1458, 495, 6182, 3340, 1398, 808, 3092]
14
1.6428571428571428
Random [6792, 8560, 8679, 313, 4218, 2773, 7680, 1759]
15
1.8
Random [7534, 6070, 5690, 4449, 3121, 6201, 3295, 4123]
13
1.6153846153846154
Random [7344, 7791, 1737, 798, 5427, 8007, 6094, 4544]
15
1.8666666666666667
Random [4615, 7654, 18, 6944, 1981, 3922, 8461, 1317]
17
1.8235294117647058
