0	213
0	258
0	273
0	316
0	487
0	619
0	876
1	118
1	197
1	214
1	270
1	447
1	466
1	915
2	24
2	69
2	229
2	359
2	443
2	496
2	644
3	143
3	218
3	321
3	335
3	423
3	555
3	942
4	26
4	356
4	472
4	527
4	626
4	716
4	740
5	54
5	98
5	124
5	282
5	397
5	506
5	790
6	58
6	186
6	195
6	391
6	418
6	616
6	923
7	76
7	275
7	288
7	307
7	490
7	534
7	579
8	148
8	174
8	350
8	360
8	404
8	449
8	702
9	211
9	215
9	475
9	580
9	815
9	877
9	893
10	366
10	431
10	446
10	484
10	700
10	860
10	917
11	195
11	243
11	307
11	420
11	434
11	503
11	526
12	77
12	118
12	137
12	257
12	582
12	660
12	870
13	73
13	100
13	212
13	366
13	378
13	488
13	541
14	54
14	194
14	237
14	300
14	532
14	776
14	867
15	113
15	123
15	154
15	194
15	301
15	610
15	805
16	72
16	82
16	164
16	369
16	502
16	844
16	870
17	62
17	155
17	351
17	516
17	587
17	784
17	792
18	42
18	56
18	88
18	129
18	152
18	652
18	730
19	23
19	36
19	74
19	79
19	141
19	241
19	474
20	178
20	232
20	320
20	763
20	777
20	883
20	901
21	33
21	73
21	108
21	203
21	303
21	317
21	366
22	196
22	203
22	303
22	363
22	402
22	438
22	558
23	316
23	323
23	609
23	680
23	765
23	789
24	82
24	161
24	280
24	423
24	630
24	894
25	56
25	111
25	209
25	302
25	364
25	452
25	786
26	40
26	159
26	272
26	377
26	479
26	491
27	166
27	173
27	304
27	479
27	692
27	735
27	845
28	91
28	375
28	467
28	500
28	565
28	629
28	671
29	166
29	262
29	371
29	505
29	644
29	762
29	813
30	221
30	249
30	347
30	464
30	544
30	567
30	867
31	50
31	68
31	142
31	188
31	244
31	372
31	563
32	50
32	189
32	268
32	301
32	425
32	617
32	648
33	122
33	123
33	163
33	285
33	453
33	947
34	109
34	124
34	184
34	217
34	471
34	700
34	801
35	71
35	127
35	137
35	267
35	338
35	442
35	604
36	127
36	135
36	149
36	186
36	318
36	351
37	160
37	169
37	515
37	727
37	744
37	812
37	867
38	74
38	80
38	114
38	240
38	353
38	478
38	885
39	93
39	324
39	414
39	453
39	484
39	607
39	642
40	129
40	133
40	290
40	304
40	376
40	874
41	57
41	210
41	351
41	356
41	459
41	608
41	761
42	198
42	347
42	528
42	553
42	839
42	844
43	75
43	150
43	653
43	664
43	784
43	837
43	875
44	59
44	190
44	242
44	335
44	507
44	671
44	988
45	87
45	289
45	476
45	594
45	604
45	625
45	745
46	142
46	465
46	518
46	559
46	582
46	653
46	807
47	65
47	169
47	191
47	397
47	705
47	729
47	916
48	121
48	160
48	230
48	292
48	421
48	619
48	627
49	82
49	123
49	204
49	457
49	528
49	594
49	795
50	68
50	247
50	666
50	679
50	712
51	94
51	101
51	138
51	189
51	304
51	371
51	711
52	88
52	334
52	402
52	598
52	631
52	698
52	720
53	109
53	267
53	353
53	395
53	533
53	544
53	848
54	296
54	396
54	495
54	502
54	620
55	150
55	161
55	582
55	608
55	656
55	684
55	891
56	393
56	435
56	526
56	527
56	662
57	78
57	125
57	258
57	344
57	566
57	735
58	370
58	417
58	499
58	543
58	614
58	828
59	107
59	157
59	175
59	219
59	242
59	646
60	118
60	145
60	235
60	260
60	263
60	601
60	777
61	78
61	89
61	237
61	272
61	342
61	348
61	815
62	169
62	299
62	350
62	651
62	711
62	769
63	252
63	365
63	452
63	533
63	629
63	713
63	830
64	153
64	297
64	305
64	337
64	414
64	487
64	621
65	76
65	256
65	462
65	560
65	675
65	732
66	93
66	173
66	292
66	341
66	368
66	370
66	668
67	185
67	198
67	206
67	437
67	523
67	659
67	947
68	294
68	373
68	530
68	687
68	845
69	86
69	347
69	413
69	426
69	688
69	697
70	84
70	176
70	241
70	247
70	634
70	690
70	935
71	112
71	175
71	219
71	408
71	439
71	517
72	89
72	138
72	148
72	546
72	728
72	732
73	159
73	244
73	742
73	955
73	956
74	77
74	85
74	626
74	638
74	796
75	180
75	223
75	278
75	294
75	509
75	643
76	136
76	306
76	415
76	447
76	775
77	126
77	198
77	541
77	577
77	591
78	185
78	267
78	283
78	481
78	626
79	87
79	244
79	399
79	429
79	517
79	654
80	136
80	174
80	219
80	279
80	287
80	586
81	144
81	251
81	712
81	717
81	729
81	828
81	848
82	133
82	635
82	836
82	909
83	352
83	410
83	443
83	562
83	741
83	829
83	841
84	209
84	439
84	497
84	585
84	757
84	815
85	118
85	151
85	161
85	174
85	546
85	627
86	155
86	294
86	445
86	724
86	825
86	901
87	174
87	308
87	459
87	532
87	702
88	111
88	261
88	262
88	490
88	569
89	107
89	408
89	547
89	618
89	919
90	163
90	195
90	254
90	255
90	440
90	503
90	536
91	153
91	198
91	228
91	400
91	786
91	852
92	93
92	244
92	248
92	273
92	614
92	674
92	882
93	112
93	151
93	217
93	269
94	215
94	547
94	619
94	874
94	911
94	926
95	107
95	303
95	359
95	388
95	453
95	914
95	930
96	212
96	271
96	364
96	501
96	650
96	772
96	946
97	98
97	298
97	315
97	401
97	445
97	569
97	894
98	150
98	170
98	278
98	635
98	999
99	145
99	219
99	306
99	390
99	436
99	672
99	836
100	142
100	167
100	187
100	254
100	361
100	401
101	137
101	151
101	172
101	179
101	251
101	377
102	206
102	283
102	361
102	395
102	480
102	651
102	659
103	170
103	250
103	255
103	328
103	442
103	477
103	991
104	184
104	207
104	303
104	327
104	496
104	579
104	740
105	259
105	534
105	568
105	660
105	669
105	690
105	872
106	172
106	186
106	446
106	452
106	530
106	747
106	832
107	295
107	388
107	674
107	979
108	125
108	445
108	579
108	601
108	813
108	850
109	200
109	303
109	419
109	492
109	685
110	143
110	181
110	419
110	421
110	551
110	728
110	739
111	164
111	217
111	225
111	588
111	703
112	214
112	227
112	388
112	434
112	953
113	138
113	171
113	234
113	262
113	451
113	673
114	172
114	383
114	440
114	557
114	627
114	694
115	171
115	174
115	224
115	430
115	457
115	662
115	682
116	157
116	326
116	334
116	411
116	437
116	522
116	955
117	140
117	177
117	224
117	386
117	531
117	779
117	982
118	267
118	301
118	345
119	150
119	167
119	483
119	576
119	688
119	942
119	972
120	196
120	265
120	365
120	566
120	643
120	721
120	998
121	131
121	357
121	426
121	446
121	451
121	983
122	185
122	249
122	340
122	399
122	454
122	601
123	384
123	536
123	608
123	751
124	238
124	273
124	448
124	750
124	772
125	192
125	337
125	468
125	748
125	795
126	166
126	453
126	725
126	765
126	769
126	909
127	136
127	266
127	372
127	602
127	611
128	196
128	355
128	532
128	647
128	656
128	793
128	884
129	320
129	422
129	628
129	829
129	878
130	217
130	239
130	245
130	355
130	365
130	526
130	641
131	360
131	432
131	646
131	846
131	868
131	941
132	317
132	382
132	463
132	479
132	521
132	680
132	930
133	187
133	200
133	292
133	646
133	907
134	135
134	246
134	281
134	304
134	366
134	705
134	896
135	190
135	451
135	696
135	719
135	871
136	221
136	566
136	580
136	914
137	200
137	298
137	849
137	986
138	420
138	542
138	691
138	775
139	207
139	375
139	461
139	468
139	768
139	835
139	859
140	231
140	333
140	427
140	447
140	454
140	533
141	432
141	560
141	641
141	744
141	783
141	888
142	221
142	563
142	676
142	707
143	201
143	363
143	585
143	810
143	839
144	240
144	342
144	373
144	468
144	700
144	941
145	185
145	328
145	414
145	648
145	687
146	428
146	514
146	532
146	593
146	630
146	695
146	856
147	307
147	429
147	475
147	519
147	741
147	788
147	922
148	245
148	392
148	431
148	465
148	495
149	231
149	417
149	487
149	691
149	907
149	910
150	308
150	421
150	573
151	523
151	531
151	753
151	862
152	187
152	346
152	550
152	659
152	701
152	751
153	237
153	380
153	399
153	543
153	858
154	250
154	342
154	409
154	711
154	720
154	895
155	219
155	405
155	446
155	767
155	932
156	161
156	211
156	467
156	620
156	802
156	821
156	846
157	210
157	268
157	283
157	299
157	838
158	171
158	213
158	218
158	234
158	335
158	635
158	880
159	293
159	314
159	326
159	632
159	660
160	618
160	762
160	799
160	856
160	895
161	459
161	538
161	861
162	184
162	249
162	277
162	428
162	454
162	524
162	697
163	269
163	317
163	392
163	512
163	555
164	332
164	346
164	483
164	512
164	915
165	447
165	769
165	819
165	871
165	881
165	907
165	946
166	202
166	240
166	825
166	988
167	502
167	546
167	736
167	900
167	917
168	308
168	326
168	334
168	395
168	478
168	479
168	489
169	372
169	416
169	449
169	842
170	243
170	254
170	382
170	714
170	953
171	235
171	288
171	497
171	721
172	331
172	578
172	606
172	683
173	214
173	444
173	583
173	859
173	936
174	581
174	779
175	235
175	289
175	595
175	919
175	932
176	329
176	419
176	509
176	881
176	961
176	999
177	196
177	349
177	486
177	735
177	804
177	927
178	333
178	344
178	462
178	666
178	756
178	820
179	265
179	282
179	391
179	414
179	735
179	985
180	372
180	376
180	611
180	615
180	640
180	645
181	565
181	626
181	756
181	845
181	968
181	975
182	231
182	248
182	296
182	320
182	501
182	545
182	972
183	239
183	266
183	512
183	556
183	599
183	770
183	972
184	245
184	484
184	772
184	906
185	238
185	305
185	353
186	298
186	349
186	420
186	492
187	629
187	655
187	750
187	969
188	264
188	509
188	513
188	525
188	673
188	708
189	250
189	303
189	418
189	423
189	813
190	224
190	392
190	747
190	858
190	936
191	321
191	342
191	362
191	602
191	857
191	874
192	233
192	339
192	340
192	368
192	508
192	690
193	245
193	415
193	417
193	604
193	684
193	689
193	814
194	370
194	513
194	605
194	755
194	833
195	368
195	511
195	537
195	728
196	269
196	465
196	482
197	467
197	502
197	667
197	694
197	799
197	806
198	265
198	934
198	972
199	259
199	275
199	322
199	420
199	450
199	538
199	954
200	339
200	533
200	831
200	894
201	341
201	539
201	623
201	641
201	700
201	746
202	529
202	540
202	657
202	724
202	814
202	984
203	312
203	370
203	506
203	695
203	993
204	254
204	302
204	322
204	341
204	395
204	912
205	232
205	279
205	295
205	408
205	425
205	472
205	831
206	275
206	349
206	382
206	660
206	704
207	320
207	388
207	572
207	636
207	784
208	250
208	254
208	334
208	336
208	700
208	751
208	752
209	414
209	644
209	705
209	816
209	830
210	281
210	534
210	614
210	887
210	925
211	215
211	228
211	417
211	631
211	771
212	226
212	410
212	686
212	790
212	942
213	315
213	341
213	605
213	687
213	886
214	216
214	404
214	469
214	902
215	230
215	355
215	467
215	955
216	594
216	614
216	623
216	656
216	753
216	770
217	274
217	328
217	908
218	522
218	642
218	731
218	928
218	964
219	256
219	668
220	474
220	552
220	586
220	772
220	787
220	831
220	881
221	307
221	588
221	782
221	922
222	345
222	385
222	426
222	517
222	748
222	958
222	974
223	373
223	432
223	524
223	694
223	743
223	929
224	629
224	654
224	918
224	992
225	336
225	402
225	581
225	691
225	703
225	822
226	374
226	584
226	710
226	826
226	955
226	969
227	263
227	399
227	457
227	666
227	749
227	827
228	491
228	507
228	549
228	575
228	961
229	236
229	562
229	677
229	765
229	881
229	892
230	321
230	430
230	439
230	498
230	755
231	361
231	395
231	556
231	797
232	427
232	462
232	524
232	615
232	633
233	516
233	631
233	708
233	716
233	818
233	840
234	325
234	388
234	462
234	583
234	597
235	476
235	801
235	833
235	839
236	272
236	639
236	780
236	788
236	806
236	854
237	255
237	443
237	451
237	497
238	435
238	637
238	665
238	730
238	820
239	349
239	360
239	384
239	620
239	714
240	489
240	585
240	701
240	929
241	406
241	556
241	653
241	731
241	786
242	313
242	520
242	661
242	785
242	832
243	350
243	351
243	483
243	521
243	716
244	249
244	436
244	450
245	552
245	554
245	855
246	267
246	501
246	536
246	546
246	854
246	892
247	339
247	425
247	503
247	572
247	619
248	285
248	369
248	556
248	656
248	922
249	294
249	367
249	677
250	277
250	362
250	617
251	464
251	655
251	840
251	918
251	926
252	311
252	436
252	443
252	482
252	572
252	766
253	396
253	401
253	416
253	557
253	585
253	644
253	742
254	347
254	657
255	392
255	412
255	480
255	909
256	366
256	512
256	549
256	908
256	980
257	345
257	769
257	809
257	854
257	863
257	934
258	266
258	513
258	516
258	698
258	730
259	344
259	378
259	458
259	621
259	671
260	261
260	332
260	371
260	463
260	507
260	544
261	363
261	553
261	752
261	789
261	939
262	563
262	578
262	683
262	828
263	266
263	432
263	544
263	753
263	771
264	278
264	457
264	589
264	749
264	877
264	913
265	291
265	400
265	881
265	911
266	318
266	493
266	649
267	611
267	706
268	280
268	469
268	670
268	704
268	882
269	395
269	491
269	540
269	686
270	359
270	558
270	706
270	755
270	774
270	869
271	342
271	426
271	765
271	809
271	818
271	931
272	374
272	416
272	439
272	487
273	499
273	687
273	760
273	803
274	296
274	353
274	549
274	563
274	664
274	845
275	295
275	335
275	492
275	611
276	297
276	448
276	610
276	620
276	623
276	786
276	887
277	325
277	590
277	702
277	970
277	982
278	286
278	349
278	657
278	873
279	360
279	488
279	528
279	636
279	639
280	433
280	624
280	702
280	939
280	970
281	377
281	401
281	621
281	721
281	977
282	308
282	358
282	464
282	874
282	894
283	562
283	701
283	762
283	868
284	354
284	399
284	672
284	807
284	847
284	863
284	888
285	409
285	473
285	684
285	923
285	925
286	450
286	496
286	504
286	903
286	957
286	998
287	734
287	749
287	808
287	862
287	938
287	961
288	508
288	682
288	825
288	898
288	927
289	332
289	391
289	460
289	485
289	617
290	331
290	541
290	583
290	645
290	679
290	917
291	338
291	461
291	515
291	781
291	868
291	990
292	487
292	610
292	649
292	767
293	435
293	473
293	665
293	673
293	823
293	949
294	309
294	485
294	710
295	311
295	767
295	827
295	900
296	351
296	371
296	435
296	816
297	361
297	495
297	544
297	700
297	805
298	413
298	487
298	600
298	771
299	307
299	681
299	861
299	981
299	983
300	325
300	402
300	486
300	689
300	761
300	956
301	312
301	577
301	792
301	972
302	387
302	407
302	496
302	856
302	988
303	801
304	470
304	541
304	597
305	419
305	511
305	658
305	709
305	773
306	345
306	504
306	858
306	963
306	990
307	616
307	982
308	559
308	628
308	726
309	450
309	525
309	560
309	660
309	797
309	962
310	389
310	432
310	587
310	595
310	623
310	764
310	782
311	324
311	341
311	502
311	766
311	835
312	375
312	437
312	551
312	584
312	839
313	368
313	422
313	494
313	535
313	791
313	844
314	433
314	471
314	617
314	674
314	737
314	837
315	381
315	456
315	689
315	693
315	715
316	436
316	539
316	732
316	783
316	872
317	356
317	485
317	753
317	805
318	630
318	647
318	758
318	893
318	944
319	351
319	409
319	454
319	555
319	775
319	780
319	898
320	536
320	972
320	994
321	460
321	481
321	531
321	740
322	556
322	644
322	703
322	721
322	823
323	518
323	723
323	879
323	945
323	956
323	993
324	405
324	457
324	493
324	498
324	739
325	553
325	638
325	695
325	902
326	476
326	549
326	766
326	771
327	353
327	547
327	775
327	803
327	847
327	855
328	370
328	563
328	676
328	829
329	383
329	453
329	639
329	667
329	823
329	871
330	364
330	413
330	472
330	562
330	581
330	793
330	916
331	403
331	437
331	721
331	924
331	984
332	360
332	520
332	918
332	961
333	434
333	486
333	653
333	696
333	878
334	388
334	438
334	727
335	479
335	798
335	837
336	632
336	802
336	812
336	881
336	930
337	724
337	742
337	767
337	797
337	864
338	371
338	377
338	535
338	822
338	898
339	442
339	478
339	606
339	836
340	429
340	539
340	609
340	879
340	904
341	427
341	986
342	691
342	879
343	768
343	872
343	885
343	889
343	891
343	931
343	958
344	471
344	483
344	543
344	691
345	409
345	571
345	631
346	352
346	409
346	613
346	818
346	890
347	373
347	917
347	951
348	567
348	696
348	712
348	794
348	926
348	998
349	609
349	916
350	393
350	447
350	590
350	887
351	968
352	414
352	486
352	603
352	616
352	650
353	426
353	906
354	415
354	602
354	732
354	755
354	760
354	915
355	443
355	892
355	910
355	922
356	408
356	713
356	744
356	932
357	481
357	613
357	670
357	826
357	850
357	963
358	448
358	457
358	671
358	719
358	891
358	927
359	372
359	497
359	934
359	959
360	625
360	672
361	480
361	512
361	899
362	373
362	526
362	601
362	659
362	763
363	381
363	554
363	571
363	779
364	425
364	473
364	659
364	892
365	474
365	485
365	550
365	602
366	535
366	676
367	369
367	558
367	589
367	652
367	830
367	989
368	571
368	763
368	947
369	550
369	565
369	785
369	853
370	773
370	820
371	415
371	916
372	435
372	696
373	561
373	808
374	669
374	753
374	913
374	957
374	979
375	494
375	625
375	756
375	967
376	380
376	604
376	633
376	706
376	877
377	572
377	722
377	903
378	438
378	609
378	738
378	797
378	847
379	641
379	699
379	710
379	734
379	900
379	964
379	965
380	673
380	730
380	867
380	943
380	959
381	579
381	603
381	672
381	673
381	903
382	588
382	603
382	743
382	747
383	548
383	576
383	900
383	905
383	992
384	489
384	629
384	637
384	681
384	793
385	468
385	520
385	573
385	628
385	686
385	894
386	399
386	411
386	529
386	553
386	676
386	727
387	536
387	648
387	699
387	754
387	888
387	938
388	519
389	507
389	539
389	551
389	762
389	827
389	847
390	551
390	580
390	586
390	587
390	899
390	996
391	398
391	649
391	668
391	798
392	427
392	741
392	954
393	527
393	541
393	814
393	959
393	960
394	459
394	503
394	565
394	746
394	880
394	906
394	983
395	596
396	448
396	646
396	750
396	852
396	883
397	433
397	466
397	619
397	897
397	963
398	450
398	573
398	576
398	591
398	869
398	982
399	921
400	422
400	436
400	591
400	798
400	998
401	722
401	843
401	982
402	625
402	759
402	910
403	427
403	523
403	712
403	714
403	796
403	848
404	470
404	542
404	716
404	929
404	957
405	416
405	479
405	654
405	667
405	904
406	518
406	593
406	633
406	654
406	828
406	992
407	489
407	566
407	618
407	806
407	844
407	906
408	438
408	739
408	769
409	502
409	896
410	431
410	570
410	885
410	975
410	979
411	498
411	768
411	815
411	822
411	893
412	440
412	609
412	630
412	674
412	763
412	971
413	465
413	508
413	618
413	860
414	775
415	547
415	771
415	877
416	665
416	739
416	835
417	730
417	831
417	855
418	455
418	551
418	553
418	944
418	993
419	619
419	690
419	927
420	559
420	760
420	806
421	535
421	586
421	824
421	965
422	466
422	506
422	545
422	546
423	455
423	642
423	703
423	738
424	473
424	572
424	729
424	754
424	816
424	942
424	985
425	604
425	656
425	818
426	466
426	564
427	812
427	878
428	570
428	613
428	679
428	737
428	782
429	543
429	751
429	974
429	985
430	530
430	614
430	707
430	882
430	966
431	441
431	563
431	643
431	710
432	493
432	629
433	436
433	541
433	758
433	921
434	458
434	701
434	949
434	975
435	451
435	651
436	981
437	612
437	858
437	914
438	538
438	645
438	836
439	444
439	644
439	897
440	514
440	550
440	567
440	587
441	452
441	569
441	691
441	777
441	799
441	937
442	500
442	866
442	929
442	930
443	561
443	733
444	527
444	569
444	637
444	772
444	966
445	471
445	706
445	719
445	834
446	475
446	624
446	832
447	492
447	548
448	454
448	689
448	722
449	453
449	626
449	879
449	880
449	897
450	495
450	838
451	460
451	779
452	480
452	785
452	930
453	934
454	521
454	549
455	566
455	577
455	617
455	665
455	995
456	517
456	521
456	571
456	712
456	746
456	797
457	669
458	583
458	776
458	838
458	870
458	923
459	560
459	610
459	768
460	591
460	667
460	727
460	927
461	465
461	515
461	726
461	831
461	872
462	595
462	746
462	871
463	466
463	605
463	811
463	933
463	974
464	469
464	621
464	694
464	848
465	539
465	969
466	647
466	948
467	503
467	599
467	606
468	782
468	841
468	859
469	584
469	698
469	718
469	984
470	490
470	513
470	803
470	924
470	951
471	717
471	774
471	951
472	493
472	781
472	848
472	862
473	647
473	800
473	803
474	506
474	681
474	890
474	939
475	539
475	719
475	756
475	897
476	577
476	696
476	988
476	990
477	535
477	648
477	667
477	681
477	695
477	811
478	518
478	559
478	567
478	808
479	785
480	552
480	865
480	912
481	525
481	648
481	901
481	997
482	542
482	621
482	774
482	793
482	864
483	597
483	686
483	698
484	802
484	857
484	965
484	991
485	525
485	777
485	919
486	662
486	835
486	898
487	680
488	590
488	625
488	726
488	737
488	833
489	579
489	812
489	977
490	718
490	796
490	816
490	845
491	608
491	632
491	683
491	945
492	520
492	763
492	840
493	529
493	530
493	981
494	715
494	780
494	837
494	935
494	960
495	583
495	599
495	843
496	505
496	837
496	884
497	634
497	713
497	794
498	621
498	659
498	806
498	807
499	568
499	586
499	733
499	744
499	783
500	513
500	561
500	595
500	774
500	931
501	588
501	641
501	755
501	907
502	617
503	576
503	895
504	524
504	580
504	780
504	933
504	994
505	592
505	806
505	851
505	961
505	973
506	570
506	591
506	828
507	752
507	853
507	945
508	711
508	717
508	721
508	859
509	811
509	883
509	898
509	955
510	569
510	652
510	769
510	801
510	833
510	870
510	905
511	522
511	587
511	624
511	791
511	865
512	902
512	976
513	602
513	776
514	525
514	586
514	683
514	729
514	966
515	557
515	689
515	776
515	779
516	534
516	540
516	768
516	980
517	564
517	615
517	807
518	582
518	784
518	886
519	611
519	619
519	832
519	944
519	968
520	594
520	661
520	979
521	599
521	601
521	910
522	671
522	745
522	967
522	990
523	718
523	766
523	853
523	915
524	834
524	875
524	984
525	667
525	795
526	560
526	639
526	941
527	564
527	684
527	699
528	574
528	634
528	668
528	842
529	637
529	731
529	876
529	914
530	607
530	713
530	856
531	685
531	736
531	963
531	976
532	586
532	614
532	880
533	865
533	876
533	906
534	693
534	842
534	976
535	705
535	707
536	590
536	940
537	550
537	689
537	838
537	932
537	942
537	959
538	573
538	687
538	722
538	934
539	573
540	588
540	592
540	605
540	673
541	835
542	801
542	826
542	907
542	967
543	558
543	658
543	810
544	564
544	699
545	566
545	658
545	716
545	749
545	931
546	729
546	777
547	638
547	704
547	861
548	655
548	728
548	818
548	868
548	938
549	855
549	884
550	608
550	915
551	875
551	992
552	578
552	776
552	832
552	900
553	759
553	824
554	561
554	593
554	708
554	847
554	953
555	760
555	780
555	897
555	909
556	698
556	925
557	809
557	814
557	847
557	958
558	561
558	650
558	780
559	808
559	863
559	953
560	605
560	759
561	921
561	987
562	594
562	795
562	825
563	818
564	584
564	655
564	963
565	650
565	666
565	790
566	942
567	628
567	743
567	950
568	768
568	815
568	975
568	994
568	999
569	725
569	858
570	599
570	844
570	947
570	994
571	575
571	708
571	885
572	638
572	869
573	610
573	766
574	579
574	589
574	634
574	697
574	731
574	777
575	773
575	792
575	819
575	855
575	867
576	692
576	865
576	984
577	726
577	734
577	850
578	621
578	739
578	770
578	927
579	808
580	720
580	740
580	967
581	707
581	817
581	857
581	866
582	650
582	995
582	999
583	687
583	830
584	612
584	623
584	662
585	745
585	823
585	876
587	589
587	884
588	800
588	875
589	649
589	693
589	723
590	685
590	738
590	953
591	813
591	894
592	659
592	688
592	720
592	946
592	970
593	782
593	798
593	799
593	924
594	740
594	800
595	778
595	824
595	852
596	697
596	719
596	904
596	914
596	959
596	997
597	617
597	638
597	913
597	930
598	638
598	661
598	680
598	763
598	808
598	915
599	735
599	843
600	639
600	640
600	669
600	723
600	737
600	759
601	610
601	734
602	851
602	866
603	739
603	754
603	872
603	886
604	696
604	740
605	624
605	989
606	623
606	647
606	674
606	790
607	714
607	717
607	727
607	843
607	966
608	852
608	873
609	846
609	928
610	710
611	905
611	930
612	685
612	750
612	762
612	841
612	933
613	630
613	633
613	759
613	839
614	876
615	715
615	796
615	923
615	928
616	622
616	639
616	700
616	765
618	744
618	753
618	935
620	670
620	747
620	787
622	679
622	773
622	821
622	825
622	901
622	946
623	895
624	688
624	708
624	986
625	861
625	989
626	745
626	840
627	688
627	852
627	957
627	968
628	651
628	709
628	759
629	716
630	770
630	887
631	649
631	748
631	979
632	657
632	745
632	758
632	943
633	663
633	733
633	892
634	710
634	749
634	865
635	796
635	800
635	816
635	925
636	717
636	760
636	778
636	889
636	973
637	760
637	774
637	871
638	887
639	869
640	707
640	793
640	951
640	985
640	987
641	764
641	840
642	737
642	741
642	896
642	997
643	723
643	789
643	817
643	974
644	848
645	722
645	849
645	879
645	958
646	774
646	808
646	853
647	820
647	885
648	889
648	970
649	682
649	880
650	674
650	809
651	816
651	907
651	939
652	657
652	860
652	918
652	990
653	654
653	971
653	987
654	730
654	752
655	855
655	962
655	993
656	743
656	952
657	845
657	949
658	662
658	709
658	750
658	854
660	716
660	758
661	764
661	859
661	861
661	895
662	884
662	940
663	721
663	753
663	800
663	829
663	912
663	914
664	692
664	727
664	814
664	952
664	967
665	680
665	793
665	999
666	675
666	698
666	820
667	956
668	927
668	946
668	954
669	800
669	821
669	824
670	761
670	803
670	890
670	963
671	901
671	959
672	909
672	910
672	966
673	715
674	794
675	690
675	711
675	744
675	864
675	955
676	787
676	789
676	883
677	694
677	807
677	821
677	822
677	871
678	701
678	717
678	772
678	947
678	948
678	986
678	992
679	748
679	872
679	970
680	745
680	832
681	710
681	742
681	834
682	692
682	761
682	865
682	955
683	815
683	908
683	968
684	731
684	776
684	821
685	787
685	788
685	967
686	717
686	797
686	976
687	906
688	770
688	899
689	893
690	895
690	962
691	994
692	748
692	805
692	842
693	877
693	932
693	936
693	981
694	746
694	882
695	705
695	736
695	821
696	724
697	785
697	896
697	977
698	916
699	733
699	934
699	974
701	875
701	921
702	802
702	911
702	995
703	819
703	824
703	917
704	811
704	908
704	943
704	962
705	786
705	902
706	823
706	945
706	977
707	826
707	925
708	719
708	978
709	738
709	830
709	838
709	883
711	863
711	938
712	827
712	864
713	775
713	805
713	921
714	722
714	938
714	993
715	849
715	904
715	931
718	964
718	965
718	973
718	991
719	794
720	855
720	912
720	970
722	992
723	814
723	823
723	920
724	781
724	783
724	857
725	750
725	778
725	801
725	810
725	994
726	756
726	771
726	999
727	926
728	738
728	935
728	977
729	732
729	922
730	904
731	945
731	990
732	866
732	913
733	754
733	789
733	811
734	757
734	911
734	983
735	783
735	882
736	802
736	912
736	922
736	984
737	834
737	852
738	884
738	893
739	979
740	891
741	863
741	913
741	965
742	743
742	822
742	913
743	861
743	904
744	997
745	756
746	853
746	941
747	802
747	829
747	832
748	933
748	983
749	968
749	986
750	875
751	825
751	874
751	911
752	754
752	773
752	782
754	917
754	956
755	841
755	842
756	841
757	760
757	858
757	905
757	924
757	995
758	828
758	883
758	957
759	960
761	826
761	943
761	981
762	901
762	910
763	981
764	849
764	897
764	961
764	991
765	845
765	846
766	878
766	969
767	847
767	911
767	935
768	978
769	987
770	911
770	950
771	795
772	912
773	878
773	906
774	960
775	781
776	788
777	971
778	791
778	794
778	819
778	856
779	810
779	935
780	814
781	810
781	811
781	923
782	830
783	804
783	844
784	817
784	941
784	943
785	804
785	888
786	933
786	968
787	824
787	865
787	976
788	791
788	903
788	996
789	805
789	836
790	833
790	835
790	878
791	864
791	868
791	879
792	822
792	851
792	903
792	944
793	849
794	827
794	937
795	889
795	985
796	817
796	977
797	913
798	843
798	891
798	950
799	813
799	887
799	932
800	977
801	921
802	807
803	820
803	951
804	834
804	866
804	935
804	991
805	862
806	873
807	996
809	826
809	867
809	899
810	819
810	938
811	920
812	929
812	948
812	996
813	866
813	988
815	920
816	850
817	884
817	941
817	952
818	989
819	937
819	954
820	890
821	899
822	868
823	978
824	866
825	964
826	987
827	840
827	902
828	891
829	853
829	998
830	903
831	895
831	905
833	944
833	954
834	925
834	969
835	863
836	854
836	885
837	980
837	996
838	849
838	889
839	987
839	991
840	896
841	929
841	949
842	902
842	978
843	900
843	978
844	924
846	917
846	944
846	948
848	998
849	996
850	918
850	951
850	986
851	897
851	936
851	963
851	989
852	928
853	859
854	936
854	937
856	898
856	919
857	922
857	948
857	971
858	870
859	998
860	864
860	912
860	919
860	984
861	958
862	931
862	971
862	974
863	908
864	980
867	905
868	953
869	874
869	916
869	957
870	950
870	952
871	886
872	926
873	893
873	921
873	945
873	993
874	948
875	887
876	890
876	952
877	889
877	964
878	896
879	908
880	896
880	937
881	947
882	894
882	949
883	920
885	946
886	942
886	975
886	990
888	919
888	940
888	988
889	976
890	902
890	952
891	937
892	952
892	989
893	899
898	905
899	987
900	919
901	993
903	936
904	939
907	960
908	928
909	939
909	958
910	996
914	969
915	943
916	926
918	960
918	969
920	940
920	962
920	997
923	928
923	983
924	979
924	995
925	988
926	941
928	940
929	992
931	949
932	978
933	974
933	976
934	943
936	956
937	980
938	980
939	967
940	951
940	971
944	946
945	965
947	948
949	961
950	953
950	954
950	958
954	999
956	975
957	973
959	982
960	989
962	985
962	997
964	973
964	997
965	975
966	973
966	981
970	995
971	972
973	980
978	983
982	986
985	994
991	995
0	118
0	221
0	347
0	446
1	23
1	65
1	185
1	220
1	308
1	333
1	416
2	164
2	643
2	934
2	972
3	554
3	785
3	800
3	835
3	910
4	279
4	394
4	397
4	460
4	983
5	466
5	640
5	807
5	902
5	933
6	239
6	892
6	895
6	990
7	577
8	12
8	73
8	765
8	883
8	924
9	86
9	252
9	351
9	648
9	748
9	849
10	17
10	286
10	350
10	988
11	197
11	819
11	862
11	883
11	954
12	134
12	555
12	578
13	115
13	457
13	977
13	981
14	83
14	342
14	759
15	467
15	603
17	30
17	34
18	119
18	156
18	489
19	114
19	168
19	441
19	518
20	318
20	413
20	700
20	733
20	814
20	913
21	281
21	364
21	375
21	609
22	50
22	251
22	584
22	853
23	325
25	189
25	206
25	261
25	805
26	32
26	230
26	296
26	323
27	54
27	418
27	653
27	656
27	668
27	745
28	121
28	137
28	523
28	525
29	77
29	477
29	550
29	879
29	896
29	981
30	126
30	169
30	459
30	853
30	889
31	60
31	299
31	392
31	819
31	835
31	862
31	958
32	141
32	589
32	688
32	776
32	781
32	802
32	839
32	921
33	111
34	450
34	485
34	653
35	67
35	548
35	590
36	466
36	508
36	511
36	716
36	777
36	865
38	59
38	126
38	219
38	311
38	405
38	439
38	958
38	963
39	176
40	126
40	154
40	964
41	46
41	240
41	276
41	289
41	418
41	458
41	649
41	732
42	335
42	762
42	936
43	141
43	175
43	493
43	852
44	249
45	167
45	326
45	556
45	817
45	875
45	949
46	279
46	778
47	282
47	321
47	620
48	271
48	290
48	376
48	876
48	958
49	53
49	377
49	399
49	445
49	575
50	217
50	522
51	326
51	332
51	500
51	821
52	512
52	949
53	137
53	191
53	233
53	464
53	553
53	818
54	90
54	146
54	261
54	575
55	179
55	385
55	944
56	129
56	239
56	241
56	530
56	797
56	882
57	216
57	219
57	273
57	762
58	107
58	317
58	655
58	692
58	757
58	859
59	466
59	555
59	593
59	843
60	75
60	295
60	493
60	508
60	693
61	110
61	655
61	706
61	990
62	364
62	554
62	564
62	885
63	657
63	683
63	783
63	988
64	229
64	753
65	136
65	171
65	471
66	147
66	511
66	808
67	239
67	548
67	953
68	110
68	149
68	847
68	987
69	673
70	192
70	519
71	233
71	256
71	324
71	874
72	442
72	523
72	529
72	703
72	884
72	886
72	917
73	299
73	609
73	745
73	919
74	172
74	625
74	768
75	282
76	165
76	252
76	406
76	555
76	665
76	750
76	760
76	812
76	954
78	143
78	227
78	468
78	528
78	578
78	599
78	608
78	719
78	900
79	81
79	139
79	422
79	515
80	84
80	609
81	816
81	905
82	94
82	136
82	372
82	672
82	797
82	981
83	763
83	789
83	895
84	134
84	406
84	632
84	851
84	880
85	416
85	517
85	627
85	680
85	766
85	974
86	307
86	574
86	679
86	872
86	936
87	158
87	364
87	599
87	618
87	641
87	980
87	991
88	788
88	845
88	880
89	200
89	364
89	636
90	396
90	676
91	213
91	348
91	358
91	771
92	813
93	338
93	515
93	794
94	240
94	349
94	627
94	860
95	473
95	568
96	177
96	241
96	305
96	346
96	358
96	495
96	537
96	941
96	944
97	563
97	664
97	800
97	891
98	196
98	217
98	304
98	518
98	537
98	746
98	988
99	291
99	401
99	971
99	993
100	203
100	656
100	814
100	913
100	933
101	224
101	418
101	778
101	900
101	929
102	149
102	635
102	964
103	462
103	671
104	133
104	762
104	774
105	214
105	300
105	322
105	415
105	484
105	977
106	160
106	215
106	228
106	229
106	377
106	559
106	606
106	848
107	572
107	585
107	710
107	721
107	790
107	960
108	304
108	584
108	969
109	718
110	139
110	315
110	326
112	296
113	115
113	171
113	697
114	788
114	837
115	253
115	326
115	402
115	541
115	861
116	193
116	298
116	512
116	666
116	750
116	835
116	872
117	337
117	576
117	818
117	853
117	930
117	998
118	226
118	360
119	232
119	377
119	380
119	455
119	490
119	755
120	183
120	407
121	485
121	507
121	553
121	657
121	935
122	376
122	402
122	541
122	607
122	683
122	743
122	796
122	952
123	134
123	350
124	663
124	935
125	198
125	218
125	329
125	609
125	641
125	756
126	431
126	675
126	709
126	993
127	344
127	394
127	429
128	995
129	597
129	620
129	816
129	893
131	186
131	360
131	397
131	443
131	751
132	352
132	715
132	914
134	489
134	527
134	857
134	877
134	923
134	962
135	195
135	598
135	812
135	860
135	900
136	166
136	195
136	221
136	249
136	538
137	449
137	772
138	728
138	759
138	905
139	234
140	387
140	721
141	344
141	663
142	289
142	901
143	231
143	358
143	456
143	478
144	260
144	588
145	288
145	356
145	509
145	735
145	857
146	344
146	842
146	942
146	994
147	390
147	424
147	662
148	353
148	761
148	781
149	240
149	257
149	650
149	817
150	559
150	802
151	417
151	476
151	673
153	375
153	541
154	264
154	302
154	576
154	683
155	204
155	557
155	575
155	599
155	877
156	520
156	758
156	798
156	891
157	504
158	415
158	794
158	807
158	897
159	703
159	785
159	873
160	284
160	298
160	312
160	947
161	175
161	198
162	359
162	714
163	211
163	276
163	309
163	335
163	560
163	625
163	686
163	728
163	939
164	270
164	395
164	412
164	486
165	702
165	730
165	849
165	930
166	226
166	397
166	669
166	961
167	394
167	630
168	567
168	780
168	994
169	179
169	214
169	440
170	222
170	903
171	315
171	456
171	529
172	819
172	833
172	883
172	947
172	963
173	225
173	468
174	414
174	679
174	811
174	831
175	269
175	462
176	295
176	851
178	188
178	271
179	352
179	689
179	822
181	576
181	975
181	988
182	289
182	307
182	437
182	839
182	887
183	447
183	454
183	642
183	900
183	947
184	198
184	866
185	780
185	911
186	286
186	774
186	902
187	499
187	508
188	200
188	477
189	289
190	594
191	451
192	194
192	217
192	304
192	391
192	440
193	608
193	965
194	389
194	402
194	500
194	634
194	656
194	784
194	851
195	397
195	566
195	677
195	774
195	864
195	880
196	442
196	475
196	699
197	315
197	505
197	745
197	987
198	262
198	981
199	352
199	671
199	719
199	855
200	353
200	530
200	570
200	594
201	317
201	505
201	657
201	819
201	875
202	303
202	451
202	519
202	584
202	796
203	607
203	692
204	259
204	597
204	654
205	229
205	607
205	850
206	270
206	464
206	542
206	934
207	523
207	554
207	773
207	805
207	807
208	322
208	359
208	986
208	998
209	367
209	583
209	740
210	745
211	292
211	462
211	479
211	615
211	835
211	849
211	935
212	282
212	318
212	479
212	984
213	615
213	681
213	785
213	790
213	870
215	471
215	538
215	813
215	868
216	677
217	407
217	487
217	955
218	890
218	928
219	358
219	713
219	817
220	480
220	978
221	293
221	357
221	372
221	703
221	743
221	808
222	235
222	323
222	476
222	501
222	613
222	758
222	807
223	229
223	417
223	444
223	706
223	719
223	722
223	737
223	929
225	610
225	993
226	708
226	836
226	898
226	928
227	353
230	571
230	613
231	358
231	521
231	826
231	949
231	989
232	579
232	602
233	328
233	469
233	522
234	242
234	559
234	623
234	646
234	680
235	275
235	480
235	747
235	775
235	928
236	358
236	505
236	574
237	429
237	444
237	918
238	888
239	416
239	524
239	630
239	928
239	936
240	538
240	666
241	431
241	776
241	788
241	951
242	294
242	406
242	418
242	483
242	514
242	725
242	763
242	919
243	893
244	497
244	508
244	526
245	273
245	719
245	878
246	811
247	433
247	780
247	842
248	522
248	682
249	552
249	892
249	998
250	386
250	700
251	761
251	796
251	905
252	340
252	484
252	492
252	645
252	890
252	922
253	567
253	720
253	808
254	405
254	598
254	758
255	581
255	741
256	459
256	755
256	813
256	844
256	853
257	400
257	959
258	273
258	322
258	764
258	845
258	921
259	328
259	472
259	990
260	321
260	496
260	680
261	488
261	500
261	556
261	982
262	572
262	781
263	554
264	280
264	543
264	682
264	979
265	566
265	678
265	865
265	872
266	299
267	365
268	521
268	530
268	532
268	712
269	614
269	731
269	967
270	537
270	662
271	470
271	980
272	303
272	415
272	857
272	876
272	967
273	359
273	622
273	799
274	569
275	334
275	381
275	784
276	317
276	809
277	420
277	655
277	885
277	917
278	383
278	548
278	653
278	852
278	919
279	592
279	955
280	420
280	905
281	446
281	804
282	846
282	886
283	402
283	434
283	450
283	991
284	612
284	708
287	577
287	669
287	899
288	548
288	879
288	930
289	436
289	659
289	681
289	879
290	531
291	948
292	630
292	912
293	625
293	768
295	728
295	777
296	697
297	518
297	921
298	405
298	459
298	838
298	854
299	482
299	866
300	491
300	565
300	939
301	355
301	418
301	958
302	640
303	537
303	696
303	800
303	914
304	657
304	828
304	984
305	908
307	423
307	740
308	320
308	475
308	933
309	394
309	525
311	419
311	540
312	395
312	624
313	970
314	591
314	608
315	333
315	566
315	583
315	959
316	972
317	331
317	340
317	651
317	680
317	820
317	978
318	365
318	386
318	867
318	905
319	595
319	685
319	952
320	630
320	680
320	869
321	596
321	966
322	612
323	639
323	677
323	697
323	795
323	835
324	331
324	446
324	723
325	693
326	658
326	740
327	439
327	532
327	615
327	733
328	490
328	682
329	605
329	790
330	581
330	715
330	944
331	403
331	456
332	344
332	455
332	888
332	923
333	501
333	551
333	600
333	850
333	931
334	438
334	818
334	990
335	371
335	474
335	923
337	411
337	944
338	374
338	495
338	877
339	460
339	710
339	880
339	938
340	349
340	857
341	365
341	490
341	927
342	348
342	604
342	638
342	809
344	649
344	796
344	867
344	978
345	458
345	638
345	705
345	784
345	834
345	865
345	962
347	673
347	897
348	871
349	548
349	713
349	801
349	849
350	362
350	373
351	943
352	364
353	637
354	368
354	797
354	898
354	933
355	620
355	804
356	802
357	599
358	449
358	576
358	749
358	767
359	668
359	707
359	727
359	944
360	450
360	841
361	704
361	883
361	989
362	450
362	877
363	843
364	608
365	763
366	419
366	636
366	928
367	866
367	985
368	385
368	581
368	662
368	990
369	927
369	967
371	376
371	468
371	548
371	780
371	880
372	398
372	693
372	876
372	988
373	374
373	421
373	505
373	512
374	380
374	778
374	821
374	970
375	418
376	628
376	672
377	515
377	583
377	876
377	892
378	643
378	892
379	454
379	741
380	640
380	684
381	565
382	565
382	663
382	802
382	986
383	416
383	432
383	608
383	912
384	501
384	602
384	877
385	661
385	777
385	932
386	521
386	596
387	458
387	522
387	531
387	539
387	768
387	891
388	720
388	901
389	608
390	435
391	552
391	705
391	778
391	978
391	994
392	633
392	638
392	890
393	581
397	522
397	525
398	443
398	547
399	401
399	538
399	739
400	436
400	448
400	992
401	593
402	905
402	912
403	486
403	600
403	702
403	855
403	961
404	434
406	460
406	587
406	743
406	874
407	470
407	604
407	611
407	693
408	599
408	758
408	759
408	888
408	985
408	999
409	482
409	648
409	953
410	479
410	699
410	884
410	914
411	933
411	988
412	581
413	422
413	550
413	609
413	872
414	700
415	783
416	562
416	626
416	635
416	751
416	777
416	797
416	920
417	451
417	664
418	423
419	772
419	836
421	508
421	587
422	529
422	812
422	877
423	504
423	527
423	673
423	738
425	495
425	602
425	631
425	650
425	699
425	745
425	852
425	874
426	473
426	523
426	547
426	557
426	816
426	867
426	988
427	446
427	685
428	539
429	873
429	885
430	629
431	457
431	661
431	963
432	898
432	909
432	935
434	483
434	876
434	881
434	929
435	639
435	911
435	951
436	541
436	573
436	619
439	519
439	630
439	692
439	737
439	767
439	771
439	924
441	446
441	805
441	982
442	990
443	464
444	455
444	477
444	520
444	663
444	975
445	795
445	885
445	998
446	473
447	575
447	590
447	850
449	668
449	968
449	978
450	466
450	643
451	605
451	660
451	687
451	726
451	940
452	597
453	845
454	640
455	532
455	569
455	831
455	864
455	866
457	620
457	859
458	602
458	682
458	906
460	583
460	592
460	748
461	711
461	894
462	755
463	603
463	742
463	794
463	806
463	841
464	981
465	512
465	728
465	812
467	575
467	893
468	618
468	659
468	713
468	788
468	894
468	922
469	608
470	848
470	958
470	978
471	672
471	876
472	610
472	907
473	532
473	637
473	804
473	887
474	923
474	999
475	722
475	847
475	905
476	578
476	811
476	966
477	485
477	489
477	796
478	505
479	622
479	858
479	903
480	580
480	706
480	775
480	800
480	992
482	526
482	871
482	962
483	686
483	815
483	933
483	994
484	770
486	853
488	545
488	821
489	649
489	715
489	725
489	806
489	889
490	523
490	636
491	749
491	820
491	927
492	612
492	676
493	853
493	973
494	516
494	520
494	580
494	955
495	902
496	848
497	513
498	768
499	671
499	914
500	607
501	918
501	965
502	639
502	680
502	701
502	886
503	606
503	661
505	527
505	869
506	957
507	931
509	836
509	852
510	666
510	889
511	736
511	831
511	984
511	995
512	859
513	853
513	919
514	573
514	711
515	765
515	828
515	919
516	569
516	740
517	620
518	674
518	686
518	744
518	807
519	573
521	713
521	765
523	672
523	750
523	808
524	526
524	529
524	660
524	700
526	728
526	757
526	768
526	782
527	817
528	992
530	551
530	820
531	532
531	550
531	913
531	985
532	747
533	672
533	837
534	764
536	566
536	739
536	949
537	833
538	851
538	987
539	617
539	706
539	789
539	940
539	970
541	796
541	798
541	995
542	637
542	839
542	840
543	765
543	810
543	869
543	999
544	549
544	792
545	600
545	739
547	931
547	963
548	617
549	981
550	856
551	703
551	761
551	831
551	859
552	794
552	951
553	708
554	775
555	685
555	904
555	917
556	564
556	935
557	656
557	675
558	591
558	770
559	658
560	801
560	823
560	978
561	685
561	753
562	663
563	589
563	707
563	803
563	865
564	604
564	692
564	717
564	748
565	929
566	902
566	930
566	948
567	908
567	974
568	729
568	774
569	734
570	582
570	910
570	969
571	922
572	998
573	843
573	846
574	784
575	619
575	689
575	894
577	580
577	703
577	719
577	756
577	823
577	997
579	627
579	650
579	659
579	707
579	746
579	967
580	760
581	785
581	855
581	927
581	935
582	660
582	677
582	755
583	787
584	663
585	597
585	898
586	596
586	777
587	662
587	700
587	810
588	668
589	859
589	898
589	985
590	646
591	720
592	744
593	838
593	919
594	664
595	666
595	712
595	848
595	863
595	930
596	696
596	773
596	794
596	966
596	970
597	942
598	858
598	870
599	607
599	705
600	968
600	989
601	683
602	676
603	684
604	858
604	859
604	911
606	710
606	994
607	639
607	718
607	754
607	767
608	657
608	858
610	742
612	899
613	795
613	905
614	852
615	967
616	897
616	933
616	999
617	661
617	670
617	989
618	978
619	746
620	653
620	772
621	742
621	861
622	781
622	824
622	898
623	837
624	964
625	677
625	959
626	727
627	775
627	842
627	953
629	639
629	643
629	707
629	726
629	807
629	917
630	766
631	686
632	891
633	695
633	700
633	728
634	664
636	755
637	677
637	842
638	784
638	885
638	900
639	969
640	712
640	857
641	826
644	694
644	815
644	857
644	858
646	649
646	686
646	850
647	939
647	943
647	964
647	968
647	990
647	996
648	738
648	827
649	818
650	864
650	930
651	667
651	770
652	779
652	928
652	938
654	731
654	874
655	907
655	978
657	663
657	754
658	671
660	850
662	813
663	745
664	977
665	824
665	950
666	750
666	894
668	893
668	922
669	858
669	934
670	718
670	856
671	835
671	854
672	737
672	967
672	983
674	839
674	884
675	836
676	790
676	847
676	892
676	977
678	680
679	734
679	828
681	753
682	693
683	814
683	904
683	907
686	758
687	802
689	842
690	725
690	743
690	873
691	784
692	956
693	965
695	766
696	900
698	737
699	926
701	927
704	859
706	745
707	734
707	800
708	781
708	787
708	863
709	979
710	799
710	949
711	790
711	876
712	760
713	955
714	997
715	845
716	942
717	973
718	948
720	930
721	762
722	852
722	942
725	759
726	917
731	798
733	905
734	939
736	971
737	760
738	833
738	949
739	932
740	769
740	952
742	909
742	924
743	845
743	892
744	998
745	876
745	885
745	909
745	968
746	904
748	805
748	898
748	972
749	870
749	878
749	972
752	754
753	813
753	929
754	782
755	954
758	931
762	906
763	823
763	912
764	838
766	924
768	820
768	849
769	779
772	868
772	934
773	906
775	783
775	883
776	966
777	786
777	890
777	984
778	857
778	908
779	846
779	916
780	875
780	910
781	887
782	938
783	850
783	888
783	945
784	919
785	852
787	796
787	990
788	862
788	995
790	978
791	805
791	848
791	870
791	882
793	966
795	834
795	850
799	902
800	835
800	926
801	861
805	878
806	906
806	937
806	992
808	909
809	931
809	977
810	986
812	912
814	887
816	864
816	865
817	895
817	918
817	924
817	949
823	923
825	865
828	945
830	852
830	854
836	957
841	858
843	898
843	955
844	908
845	928
846	955
849	975
854	860
859	878
860	916
868	972
871	942
872	932
873	891
873	924
875	885
881	882
882	972
886	905
892	929
894	919
900	913
901	978
902	960
903	930
910	991
916	983
925	945
932	987
933	957
935	990
937	960
949	950
953	957
963	964
963	967
964	977
979	993
985	986
